["Start with HAND MIDDLE, ", [[[0, 616, 182], [1, 592, 124], [2, 548, 84], [3, 502, 66], [4, 465, 49], [5, 475, 120], [6, 413, 101], [7, 377, 90], [8, 348, 80], [9, 465, 151], [10, 400, 133], [11, 360, 121], [12, 329, 111], [13, 465, 181], [14, 404, 167], [15, 368, 155], [16, 339, 143], [17, 473, 210], [18, 424, 205], [19, 393, 198], [20, 368, 188]]]]
["Start with HAND UP, ", [[[0, 571, 183], [1, 546, 128], [2, 509, 98], [3, 472, 90], [4, 445, 83], [5, 449, 144], [6, 400, 139], [7, 371, 137], [8, 347, 137], [9, 444, 173], [10, 389, 172], [11, 356, 172], [12, 330, 171], [13, 445, 199], [14, 394, 200], [15, 364, 198], [16, 340, 195], [17, 452, 227], [18, 410, 230], [19, 383, 228], [20, 361, 224]]]]
["Start with HAND DOWN, ", [[[0, 515, 193], [1, 477, 135], [2, 422, 108], [3, 375, 105], [4, 340, 97], [5, 355, 172], [6, 293, 176], [7, 255, 179], [8, 224, 182], [9, 357, 210], [10, 289, 224], [11, 247, 234], [12, 214, 242], [13, 371, 241], [14, 309, 259], [15, 270, 268], [16, 239, 274], [17, 395, 268], [18, 349, 290], [19, 319, 300], [20, 290, 307]]]]
["Start with HAND UP, ", [[[0, 508, 184], [1, 484, 124], [2, 444, 94], [3, 407, 89], [4, 382, 85], [5, 392, 146], [6, 347, 145], [7, 320, 146], [8, 298, 148], [9, 387, 174], [10, 338, 176], [11, 306, 177], [12, 280, 176], [13, 389, 200], [14, 343, 204], [15, 315, 203], [16, 292, 201], [17, 397, 228], [18, 358, 235], [19, 334, 235], [20, 313, 232]]]]
["Start with HAND MIDDLE, ", [[[0, 511, 174], [1, 494, 111], [2, 465, 77], [3, 434, 65], [4, 411, 60], [5, 413, 123], [6, 371, 118], [7, 347, 117], [8, 327, 117], [9, 405, 152], [10, 360, 148], [11, 332, 146], [12, 309, 142], [13, 404, 179], [14, 361, 177], [15, 336, 173], [16, 317, 169], [17, 408, 206], [18, 372, 207], [19, 349, 205], [20, 330, 198]]]]
["Start with HAND UP, ", [[[0, 530, 186], [1, 506, 120], [2, 460, 77], [3, 413, 61], [4, 379, 44], [5, 379, 123], [6, 317, 107], [7, 279, 98], [8, 247, 93], [9, 371, 159], [10, 303, 149], [11, 259, 142], [12, 225, 138], [13, 375, 192], [14, 311, 189], [15, 271, 183], [16, 241, 177], [17, 390, 226], [18, 338, 231], [19, 305, 231], [20, 276, 226]]]]
["Start with HAND DOWN, ", [[[0, 540, 193], [1, 519, 127], [2, 472, 85], [3, 425, 68], [4, 383, 47], [5, 408, 133], [6, 351, 115], [7, 315, 104], [8, 282, 94], [9, 403, 176], [10, 347, 168], [11, 309, 163], [12, 276, 158], [13, 417, 217], [14, 364, 221], [15, 333, 219], [16, 305, 213], [17, 443, 253], [18, 407, 267], [19, 386, 268], [20, 365, 263]]]]
["Start with HAND DOWN, ", [[[0, 518, 182], [1, 484, 126], [2, 448, 99], [3, 411, 91], [4, 387, 91], [5, 397, 149], [6, 354, 148], [7, 331, 148], [8, 310, 150], [9, 396, 179], [10, 348, 182], [11, 320, 182], [12, 298, 181], [13, 399, 204], [14, 353, 209], [15, 327, 208], [16, 305, 206], [17, 407, 230], [18, 370, 237], [19, 348, 238], [20, 327, 234]]]]
["Start with HAND DOWN, ", [[[0, 539, 202], [1, 504, 143], [2, 446, 111], [3, 397, 103], [4, 361, 92], [5, 374, 173], [6, 311, 176], [7, 272, 181], [8, 239, 187], [9, 375, 210], [10, 307, 221], [11, 263, 230], [12, 228, 239], [13, 389, 242], [14, 325, 256], [15, 287, 263], [16, 256, 269], [17, 412, 271], [18, 364, 290], [19, 332, 300], [20, 303, 307]]]]
["Start with HAND MIDDLE, ", [[[0, 559, 207], [1, 537, 145], [2, 491, 97], [3, 447, 73], [4, 411, 50], [5, 436, 148], [6, 388, 129], [7, 360, 119], [8, 335, 111], [9, 432, 193], [10, 386, 188], [11, 359, 190], [12, 338, 191], [13, 442, 234], [14, 399, 239], [15, 375, 245], [16, 354, 247], [17, 464, 272], [18, 431, 289], [19, 413, 298], [20, 397, 303]]]]
["Start with HAND MIDDLE, ", [[[0, 507, 191], [1, 486, 131], [2, 452, 105], [3, 417, 101], [4, 396, 98], [5, 404, 155], [6, 360, 153], [7, 333, 153], [8, 312, 154], [9, 398, 184], [10, 349, 183], [11, 320, 182], [12, 295, 180], [13, 398, 209], [14, 352, 211], [15, 325, 208], [16, 304, 204], [17, 403, 237], [18, 364, 241], [19, 340, 240], [20, 320, 235]]]]
["Start with HAND DOWN, ", [[[0, 549, 203], [1, 521, 140], [2, 469, 97], [3, 421, 80], [4, 381, 62], [5, 412, 153], [6, 363, 139], [7, 333, 133], [8, 304, 129], [9, 410, 197], [10, 362, 196], [11, 331, 198], [12, 304, 201], [13, 424, 236], [14, 380, 244], [15, 355, 250], [16, 334, 255], [17, 450, 270], [18, 422, 288], [19, 410, 294], [20, 400, 299]]]]
["Start with HAND MIDDLE, ", [[[0, 508, 194], [1, 481, 136], [2, 441, 110], [3, 403, 105], [4, 378, 104], [5, 388, 162], [6, 342, 161], [7, 315, 162], [8, 292, 163], [9, 385, 191], [10, 333, 194], [11, 301, 194], [12, 276, 193], [13, 388, 217], [14, 339, 222], [15, 309, 221], [16, 285, 218], [17, 398, 245], [18, 357, 251], [19, 330, 251], [20, 306, 247]]]]
["Start with HAND UP, ", [[[0, 515, 197], [1, 483, 136], [2, 439, 110], [3, 399, 106], [4, 373, 101], [5, 386, 162], [6, 335, 161], [7, 305, 161], [8, 280, 162], [9, 381, 192], [10, 326, 194], [11, 290, 194], [12, 262, 193], [13, 384, 219], [14, 332, 225], [15, 302, 223], [16, 276, 219], [17, 394, 247], [18, 351, 254], [19, 324, 254], [20, 299, 249]]]]
["Start with HAND DOWN, ", [[[0, 549, 208], [1, 523, 143], [2, 473, 101], [3, 425, 83], [4, 384, 63], [5, 416, 158], [6, 364, 146], [7, 333, 142], [8, 305, 139], [9, 414, 202], [10, 363, 201], [11, 330, 204], [12, 304, 211], [13, 428, 241], [14, 385, 252], [15, 362, 261], [16, 343, 271], [17, 454, 274], [18, 434, 297], [19, 430, 312], [20, 427, 327]]]]
["Start with HAND MIDDLE, ", [[[0, 526, 204], [1, 490, 141], [2, 436, 108], [3, 386, 99], [4, 349, 88], [5, 366, 167], [6, 303, 165], [7, 263, 167], [8, 228, 171], [9, 366, 206], [10, 297, 213], [11, 251, 219], [12, 215, 225], [13, 378, 240], [14, 317, 256], [15, 279, 263], [16, 248, 267], [17, 400, 272], [18, 355, 294], [19, 324, 304], [20, 295, 309]]]]
["Start with HAND UP, ", [[[0, 511, 188], [1, 486, 133], [2, 445, 107], [3, 406, 101], [4, 381, 98], [5, 393, 156], [6, 347, 154], [7, 320, 155], [8, 297, 155], [9, 388, 185], [10, 336, 185], [11, 304, 185], [12, 278, 183], [13, 389, 211], [14, 339, 215], [15, 310, 212], [16, 287, 208], [17, 397, 239], [18, 355, 246], [19, 329, 247], [20, 306, 243]]]]
["Start with HAND DOWN, ", [[[0, 549, 205], [1, 520, 139], [2, 466, 99], [3, 419, 85], [4, 377, 67], [5, 408, 163], [6, 351, 155], [7, 315, 156], [8, 283, 158], [9, 410, 207], [10, 354, 214], [11, 320, 225], [12, 292, 238], [13, 426, 246], [14, 378, 261], [15, 351, 274], [16, 329, 287], [17, 453, 279], [18, 425, 305], [19, 411, 324], [20, 397, 343]]]]
["Start with HAND UP, ", [[[0, 511, 188], [1, 488, 131], [2, 449, 103], [3, 413, 97], [4, 389, 93], [5, 397, 149], [6, 352, 147], [7, 325, 147], [8, 303, 148], [9, 392, 177], [10, 341, 177], [11, 310, 175], [12, 286, 172], [13, 392, 203], [14, 344, 204], [15, 315, 201], [16, 293, 196], [17, 399, 231], [18, 358, 235], [19, 333, 234], [20, 310, 228]]]]
["Start with HAND MIDDLE, ", [[[0, 523, 198], [1, 490, 136], [2, 438, 101], [3, 387, 91], [4, 348, 79], [5, 365, 158], [6, 302, 154], [7, 262, 154], [8, 228, 155], [9, 363, 196], [10, 295, 198], [11, 250, 201], [12, 214, 204], [13, 373, 229], [14, 310, 236], [15, 272, 238], [16, 242, 238], [17, 393, 261], [18, 345, 276], [19, 314, 281], [20, 285, 280]]]]
["Start with HAND UP, ", [[[0, 513, 188], [1, 486, 128], [2, 444, 99], [3, 403, 93], [4, 374, 89], [5, 392, 146], [6, 344, 142], [7, 316, 142], [8, 293, 143], [9, 386, 175], [10, 333, 174], [11, 300, 172], [12, 274, 170], [13, 388, 201], [14, 338, 203], [15, 308, 201], [16, 285, 196], [17, 395, 230], [18, 354, 232], [19, 328, 231], [20, 305, 225]]]]
["Start with HAND UP, ", [[[0, 529, 196], [1, 498, 126], [2, 448, 87], [3, 400, 73], [4, 366, 58], [5, 372, 143], [6, 309, 133], [7, 268, 127], [8, 234, 125], [9, 368, 181], [10, 297, 178], [11, 251, 176], [12, 215, 176], [13, 378, 215], [14, 311, 219], [15, 271, 215], [16, 240, 211], [17, 397, 249], [18, 346, 262], [19, 313, 265], [20, 284, 262]]]]
["Start with HAND DOWN, ", [[[0, 512, 184], [1, 485, 123], [2, 446, 96], [3, 407, 91], [4, 383, 87], [5, 396, 146], [6, 351, 145], [7, 324, 144], [8, 302, 145], [9, 392, 176], [10, 341, 177], [11, 310, 177], [12, 285, 175], [13, 394, 202], [14, 346, 205], [15, 317, 203], [16, 295, 200], [17, 401, 229], [18, 362, 234], [19, 336, 233], [20, 314, 229]]]]
["Start with HAND UP, ", [[[0, 525, 188], [1, 495, 120], [2, 449, 83], [3, 404, 69], [4, 369, 53], [5, 373, 138], [6, 313, 128], [7, 275, 124], [8, 242, 122], [9, 369, 175], [10, 301, 173], [11, 255, 171], [12, 221, 170], [13, 378, 208], [14, 316, 216], [15, 277, 215], [16, 245, 212], [17, 395, 241], [18, 346, 256], [19, 315, 261], [20, 285, 260]]]]
["Start with HAND UP, ", [[[0, 524, 191], [1, 495, 125], [2, 449, 85], [3, 402, 71], [4, 366, 56], [5, 372, 139], [6, 311, 128], [7, 271, 123], [8, 237, 120], [9, 367, 177], [10, 299, 175], [11, 254, 172], [12, 219, 170], [13, 376, 211], [14, 315, 218], [15, 277, 216], [16, 247, 211], [17, 393, 245], [18, 346, 260], [19, 315, 264], [20, 285, 262]]]]
["Start with HAND DOWN, ", [[[0, 527, 197], [1, 492, 133], [2, 439, 95], [3, 393, 79], [4, 360, 62], [5, 363, 161], [6, 301, 158], [7, 262, 159], [8, 228, 162], [9, 362, 201], [10, 296, 210], [11, 252, 217], [12, 218, 225], [13, 374, 235], [14, 316, 256], [15, 279, 264], [16, 248, 270], [17, 398, 265], [18, 357, 294], [19, 329, 309], [20, 300, 318]]]]
["Start with HAND DOWN, ", [[[0, 548, 200], [1, 523, 136], [2, 476, 90], [3, 431, 67], [4, 392, 45], [5, 419, 145], [6, 364, 130], [7, 330, 122], [8, 299, 117], [9, 416, 190], [10, 363, 191], [11, 327, 193], [12, 296, 198], [13, 431, 230], [14, 386, 245], [15, 358, 254], [16, 331, 261], [17, 459, 262], [18, 441, 294], [19, 434, 317], [20, 426, 339]]]]
["Start with HAND UP, ", [[[0, 547, 195], [1, 534, 122], [2, 498, 73], [3, 461, 45], [4, 421, 17], [5, 425, 114], [6, 369, 86], [7, 334, 70], [8, 302, 54], [9, 417, 157], [10, 361, 143], [11, 325, 132], [12, 292, 120], [13, 425, 201], [14, 374, 202], [15, 344, 198], [16, 317, 188], [17, 446, 241], [18, 412, 258], [19, 390, 262], [20, 369, 259]]]]
["Start with HAND DOWN, ", [[[0, 522, 195], [1, 492, 131], [2, 442, 92], [3, 397, 76], [4, 366, 61], [5, 366, 152], [6, 306, 146], [7, 268, 145], [8, 237, 146], [9, 363, 190], [10, 297, 193], [11, 255, 195], [12, 222, 197], [13, 373, 222], [14, 313, 235], [15, 276, 237], [16, 248, 238], [17, 392, 253], [18, 347, 274], [19, 317, 283], [20, 289, 286]]]]
["Start with HAND DOWN, ", [[[0, 531, 193], [1, 507, 121], [2, 462, 82], [3, 416, 66], [4, 380, 46], [5, 384, 120], [6, 321, 107], [7, 284, 99], [8, 252, 93], [9, 375, 152], [10, 308, 139], [11, 263, 129], [12, 228, 120], [13, 377, 184], [14, 314, 176], [15, 275, 165], [16, 246, 155], [17, 387, 217], [18, 335, 214], [19, 304, 207], [20, 275, 195]]]]
["Start with HAND DOWN, ", [[[0, 548, 212], [1, 531, 155], [2, 491, 113], [3, 451, 84], [4, 420, 55], [5, 433, 162], [6, 390, 151], [7, 364, 147], [8, 343, 145], [9, 430, 209], [10, 381, 211], [11, 357, 221], [12, 349, 234], [13, 441, 249], [14, 394, 262], [15, 376, 275], [16, 374, 287], [17, 465, 283], [18, 432, 310], [19, 423, 325], [20, 424, 338]]]]
["Start with HAND UP, ", [[[0, 488, 146], [1, 430, 112], [2, 367, 100], [3, 317, 101], [4, 279, 97], [5, 330, 192], [6, 274, 215], [7, 243, 232], [8, 215, 248], [9, 345, 225], [10, 289, 259], [11, 255, 282], [12, 227, 300], [13, 369, 249], [14, 319, 286], [15, 288, 305], [16, 263, 320], [17, 401, 266], [18, 370, 303], [19, 347, 324], [20, 323, 340]]]]
["Start with HAND UP, ", [[[0, 510, 133], [1, 463, 90], [2, 403, 73], [3, 353, 74], [4, 304, 68], [5, 367, 141], [6, 309, 150], [7, 271, 153], [8, 236, 155], [9, 383, 182], [10, 327, 199], [11, 289, 208], [12, 253, 214], [13, 414, 213], [14, 364, 238], [15, 330, 250], [16, 296, 256], [17, 454, 237], [18, 422, 267], [19, 399, 278], [20, 374, 283]]]]
["Start with HAND MIDDLE, ", [[[0, 516, 132], [1, 473, 86], [2, 416, 61], [3, 369, 46], [4, 321, 27], [5, 381, 122], [6, 321, 124], [7, 285, 121], [8, 260, 111], [9, 395, 163], [10, 339, 174], [11, 308, 172], [12, 286, 163], [13, 425, 198], [14, 379, 220], [15, 351, 223], [16, 334, 213], [17, 465, 226], [18, 435, 256], [19, 420, 256], [20, 410, 243]]]]
["Start with HAND UP, ", [[[0, 495, 159], [1, 433, 128], [2, 371, 131], [3, 326, 149], [4, 290, 157], [5, 341, 210], [6, 286, 239], [7, 254, 260], [8, 226, 278], [9, 358, 241], [10, 301, 277], [11, 264, 301], [12, 234, 322], [13, 383, 263], [14, 332, 302], [15, 300, 323], [16, 272, 339], [17, 416, 279], [18, 381, 316], [19, 355, 337], [20, 329, 353]]]]
["Start with HAND MIDDLE, ", [[[0, 500, 165], [1, 439, 138], [2, 375, 140], [3, 328, 158], [4, 290, 166], [5, 346, 224], [6, 293, 256], [7, 262, 279], [8, 236, 299], [9, 365, 255], [10, 311, 296], [11, 276, 324], [12, 249, 347], [13, 391, 275], [14, 345, 317], [15, 314, 341], [16, 289, 360], [17, 426, 290], [18, 394, 330], [19, 371, 353], [20, 348, 373]]]]
["Start with HAND MIDDLE, ", [[[0, 496, 159], [1, 432, 130], [2, 370, 132], [3, 326, 147], [4, 289, 154], [5, 341, 212], [6, 285, 240], [7, 252, 260], [8, 224, 280], [9, 359, 243], [10, 301, 278], [11, 263, 303], [12, 234, 324], [13, 385, 265], [14, 334, 303], [15, 299, 324], [16, 271, 340], [17, 418, 282], [18, 382, 320], [19, 356, 341], [20, 329, 356]]]]
["Start with HAND UP, ", [[[0, 512, 140], [1, 461, 105], [2, 397, 93], [3, 346, 98], [4, 299, 94], [5, 357, 169], [6, 299, 187], [7, 261, 201], [8, 228, 216], [9, 374, 208], [10, 316, 234], [11, 277, 254], [12, 244, 274], [13, 404, 236], [14, 350, 268], [15, 316, 288], [16, 285, 306], [17, 443, 256], [18, 407, 291], [19, 383, 310], [20, 359, 325]]]]
["Start with HAND UP, ", [[[0, 511, 141], [1, 461, 102], [2, 402, 88], [3, 351, 93], [4, 302, 92], [5, 371, 161], [6, 311, 176], [7, 270, 188], [8, 233, 201], [9, 389, 201], [10, 333, 225], [11, 292, 244], [12, 255, 263], [13, 420, 230], [14, 369, 260], [15, 331, 281], [16, 297, 298], [17, 460, 251], [18, 426, 285], [19, 400, 303], [20, 374, 317]]]]
["Start with HAND UP, ", [[[0, 496, 153], [1, 441, 115], [2, 378, 105], [3, 327, 115], [4, 284, 117], [5, 335, 187], [6, 275, 208], [7, 239, 223], [8, 208, 238], [9, 348, 220], [10, 285, 247], [11, 243, 265], [12, 209, 281], [13, 371, 244], [14, 313, 275], [15, 276, 293], [16, 245, 305], [17, 402, 263], [18, 361, 294], [19, 331, 309], [20, 302, 321]]]]
["Start with HAND UP, ", [[[0, 481, 163], [1, 423, 130], [2, 378, 124], [3, 342, 134], [4, 318, 145], [5, 364, 191], [6, 321, 213], [7, 297, 226], [8, 277, 239], [9, 374, 217], [10, 330, 242], [11, 301, 258], [12, 277, 270], [13, 389, 237], [14, 348, 263], [15, 321, 276], [16, 297, 284], [17, 409, 256], [18, 376, 280], [19, 352, 292], [20, 329, 298]]]]
["Start with HAND MIDDLE, ", [[[0, 501, 140], [1, 454, 96], [2, 398, 78], [3, 353, 66], [4, 305, 52], [5, 351, 152], [6, 295, 161], [7, 259, 168], [8, 225, 171], [9, 368, 192], [10, 315, 210], [11, 283, 222], [12, 250, 230], [13, 399, 223], [14, 356, 250], [15, 327, 262], [16, 302, 266], [17, 439, 245], [18, 411, 278], [19, 389, 294], [20, 366, 302]]]]
["Start with HAND UP, ", [[[0, 487, 144], [1, 432, 106], [2, 371, 92], [3, 319, 90], [4, 279, 83], [5, 327, 177], [6, 272, 198], [7, 238, 214], [8, 209, 227], [9, 340, 210], [10, 283, 240], [11, 244, 259], [12, 212, 274], [13, 363, 235], [14, 313, 269], [15, 279, 285], [16, 251, 295], [17, 394, 255], [18, 359, 291], [19, 334, 311], [20, 308, 325]]]]
["Start with HAND UP, ", [[[0, 500, 130], [1, 452, 89], [2, 398, 69], [3, 351, 59], [4, 304, 44], [5, 350, 145], [6, 293, 154], [7, 255, 161], [8, 220, 165], [9, 366, 185], [10, 312, 206], [11, 274, 219], [12, 239, 228], [13, 397, 216], [14, 348, 243], [15, 315, 256], [16, 284, 263], [17, 437, 238], [18, 405, 270], [19, 380, 286], [20, 355, 296]]]]
["Start with HAND MIDDLE, ", [[[0, 508, 135], [1, 456, 100], [2, 396, 88], [3, 346, 86], [4, 299, 79], [5, 358, 175], [6, 303, 195], [7, 268, 211], [8, 236, 228], [9, 376, 214], [10, 324, 245], [11, 290, 269], [12, 260, 293], [13, 408, 241], [14, 367, 278], [15, 339, 301], [16, 313, 321], [17, 449, 260], [18, 422, 302], [19, 403, 328], [20, 382, 351]]]]
["Start with HAND DOWN, ", [[[0, 508, 134], [1, 455, 101], [2, 394, 92], [3, 345, 92], [4, 299, 86], [5, 358, 178], [6, 304, 200], [7, 271, 218], [8, 241, 236], [9, 378, 217], [10, 323, 250], [11, 289, 276], [12, 260, 301], [13, 409, 243], [14, 365, 284], [15, 337, 308], [16, 312, 330], [17, 450, 261], [18, 423, 304], [19, 404, 330], [20, 384, 354]]]]
["Start with HAND DOWN, ", [[[0, 491, 150], [1, 432, 117], [2, 368, 107], [3, 317, 105], [4, 279, 99], [5, 333, 198], [6, 279, 226], [7, 248, 245], [8, 221, 263], [9, 349, 230], [10, 293, 267], [11, 256, 291], [12, 228, 310], [13, 374, 252], [14, 326, 293], [15, 294, 313], [16, 268, 328], [17, 406, 269], [18, 374, 310], [19, 350, 333], [20, 326, 351]]]]
["Start with HAND DOWN, ", [[[0, 494, 147], [1, 437, 113], [2, 372, 102], [3, 320, 101], [4, 280, 94], [5, 332, 191], [6, 277, 217], [7, 244, 236], [8, 215, 252], [9, 348, 224], [10, 290, 259], [11, 253, 282], [12, 223, 300], [13, 373, 248], [14, 323, 288], [15, 291, 308], [16, 264, 323], [17, 407, 266], [18, 376, 306], [19, 353, 330], [20, 329, 349]]]]
["Start with HAND DOWN, ", [[[0, 468, 156], [1, 412, 119], [2, 369, 110], [3, 334, 117], [4, 308, 126], [5, 358, 180], [6, 317, 201], [7, 293, 216], [8, 274, 228], [9, 369, 207], [10, 326, 232], [11, 299, 249], [12, 276, 260], [13, 382, 229], [14, 343, 255], [15, 318, 267], [16, 297, 274], [17, 401, 250], [18, 373, 277], [19, 351, 292], [20, 330, 300]]]]
["Start with HAND DOWN, ", [[[0, 470, 158], [1, 416, 120], [2, 371, 112], [3, 336, 122], [4, 311, 130], [5, 357, 182], [6, 316, 203], [7, 291, 217], [8, 272, 230], [9, 367, 209], [10, 323, 234], [11, 296, 249], [12, 272, 260], [13, 380, 231], [14, 341, 256], [15, 314, 268], [16, 292, 274], [17, 398, 252], [18, 370, 281], [19, 348, 296], [20, 327, 304]]]]
["Start with HAND UP, ", [[[0, 508, 140], [1, 457, 98], [2, 398, 84], [3, 351, 81], [4, 303, 77], [5, 360, 164], [6, 305, 179], [7, 271, 191], [8, 240, 200], [9, 379, 204], [10, 329, 229], [11, 300, 246], [12, 272, 261], [13, 412, 234], [14, 369, 265], [15, 341, 284], [16, 315, 297], [17, 454, 253], [18, 430, 290], [19, 412, 313], [20, 393, 331]]]]
["Start with HAND UP, ", [[[0, 506, 138], [1, 459, 93], [2, 400, 79], [3, 355, 75], [4, 306, 70], [5, 363, 155], [6, 310, 170], [7, 277, 178], [8, 246, 182], [9, 383, 197], [10, 334, 219], [11, 306, 234], [12, 276, 246], [13, 414, 229], [14, 376, 262], [15, 349, 281], [16, 325, 294], [17, 455, 251], [18, 432, 289], [19, 414, 313], [20, 395, 332]]]]
["Start with HAND UP, ", [[[0, 475, 162], [1, 420, 128], [2, 374, 124], [3, 338, 136], [4, 314, 147], [5, 361, 190], [6, 320, 212], [7, 296, 227], [8, 276, 240], [9, 371, 217], [10, 328, 244], [11, 300, 259], [12, 277, 270], [13, 385, 238], [14, 346, 267], [15, 320, 278], [16, 298, 285], [17, 403, 259], [18, 373, 287], [19, 351, 301], [20, 328, 310]]]]
["Start with HAND DOWN, ", [[[0, 506, 142], [1, 454, 98], [2, 394, 88], [3, 350, 91], [4, 300, 90], [5, 361, 163], [6, 313, 180], [7, 283, 191], [8, 257, 194], [9, 382, 203], [10, 334, 228], [11, 310, 241], [12, 289, 244], [13, 414, 233], [14, 379, 265], [15, 357, 277], [16, 345, 273], [17, 457, 254], [18, 434, 292], [19, 419, 303], [20, 407, 299]]]]
["Start with HAND MIDDLE, ", [[[0, 486, 146], [1, 433, 107], [2, 373, 95], [3, 323, 99], [4, 284, 98], [5, 332, 171], [6, 276, 190], [7, 243, 203], [8, 213, 213], [9, 341, 202], [10, 282, 226], [11, 242, 240], [12, 210, 251], [13, 359, 227], [14, 304, 253], [15, 268, 264], [16, 238, 270], [17, 384, 249], [18, 343, 274], [19, 313, 285], [20, 284, 291]]]]
["Start with HAND MIDDLE, ", [[[0, 491, 148], [1, 436, 111], [2, 375, 101], [3, 324, 107], [4, 284, 108], [5, 334, 179], [6, 279, 199], [7, 246, 213], [8, 218, 225], [9, 345, 209], [10, 288, 235], [11, 249, 251], [12, 217, 263], [13, 366, 232], [14, 313, 260], [15, 277, 273], [16, 247, 282], [17, 394, 251], [18, 354, 279], [19, 325, 292], [20, 296, 300]]]]
["Start with HAND MIDDLE, ", [[[0, 477, 153], [1, 425, 117], [2, 381, 110], [3, 347, 120], [4, 323, 129], [5, 367, 174], [6, 327, 195], [7, 304, 208], [8, 285, 220], [9, 376, 200], [10, 334, 224], [11, 307, 238], [12, 283, 248], [13, 389, 222], [14, 350, 246], [15, 324, 257], [16, 301, 264], [17, 406, 243], [18, 373, 265], [19, 349, 275], [20, 327, 280]]]]
["Start with HAND MIDDLE, ", [[[0, 487, 148], [1, 432, 112], [2, 372, 103], [3, 324, 111], [4, 286, 115], [5, 334, 181], [6, 282, 203], [7, 250, 217], [8, 223, 230], [9, 346, 211], [10, 290, 238], [11, 253, 255], [12, 222, 267], [13, 367, 234], [14, 316, 264], [15, 282, 277], [16, 254, 285], [17, 395, 252], [18, 356, 281], [19, 328, 295], [20, 299, 304]]]]
["Start with HAND MIDDLE, ", [[[0, 486, 151], [1, 428, 118], [2, 366, 114], [3, 318, 126], [4, 282, 134], [5, 338, 197], [6, 287, 225], [7, 257, 244], [8, 231, 260], [9, 354, 229], [10, 302, 265], [11, 268, 287], [12, 240, 304], [13, 377, 252], [14, 333, 289], [15, 304, 307], [16, 279, 319], [17, 408, 269], [18, 379, 307], [19, 356, 327], [20, 333, 342]]]]
["Start with HAND DOWN, ", [[[0, 502, 136], [1, 444, 99], [2, 381, 90], [3, 335, 90], [4, 289, 88], [5, 343, 169], [6, 287, 185], [7, 250, 196], [8, 218, 204], [9, 361, 205], [10, 306, 229], [11, 266, 243], [12, 232, 252], [13, 392, 231], [14, 344, 261], [15, 311, 273], [16, 282, 278], [17, 432, 250], [18, 402, 284], [19, 380, 300], [20, 355, 307]]]]
["Start with HAND MIDDLE, ", [[[0, 501, 132], [1, 448, 92], [2, 391, 77], [3, 346, 71], [4, 299, 60], [5, 347, 156], [6, 294, 171], [7, 259, 179], [8, 227, 183], [9, 365, 194], [10, 313, 215], [11, 279, 226], [12, 248, 230], [13, 396, 222], [14, 350, 250], [15, 318, 261], [16, 288, 263], [17, 436, 242], [18, 407, 276], [19, 384, 290], [20, 359, 295]]]]
["Start with HAND DOWN, ", [[[0, 472, 155], [1, 421, 121], [2, 380, 114], [3, 348, 122], [4, 326, 132], [5, 372, 174], [6, 335, 194], [7, 312, 206], [8, 293, 218], [9, 382, 199], [10, 341, 222], [11, 314, 235], [12, 290, 244], [13, 394, 221], [14, 356, 244], [15, 330, 253], [16, 308, 259], [17, 411, 242], [18, 379, 263], [19, 356, 273], [20, 334, 277]]]]
["Start with HAND DOWN, ", [[[0, 500, 174], [1, 447, 130], [2, 385, 107], [3, 336, 94], [4, 301, 76], [5, 335, 187], [6, 276, 202], [7, 241, 212], [8, 210, 221], [9, 345, 222], [10, 283, 244], [11, 243, 259], [12, 210, 269], [13, 364, 249], [14, 309, 275], [15, 273, 285], [16, 244, 292], [17, 392, 273], [18, 350, 300], [19, 321, 312], [20, 293, 320]]]]
["Start with HAND MIDDLE, ", [[[0, 506, 147], [1, 472, 94], [2, 433, 57], [3, 405, 22], [4, 378, -9], [5, 373, 115], [6, 310, 110], [7, 273, 107], [8, 240, 98], [9, 384, 157], [10, 325, 163], [11, 286, 164], [12, 250, 160], [13, 412, 194], [14, 359, 213], [15, 325, 217], [16, 295, 213], [17, 449, 223], [18, 412, 251], [19, 390, 257], [20, 368, 256]]]]
["Start with HAND UP, ", [[[0, 472, 167], [1, 418, 126], [2, 372, 117], [3, 333, 121], [4, 305, 126], [5, 348, 182], [6, 301, 195], [7, 274, 203], [8, 251, 211], [9, 354, 209], [10, 304, 226], [11, 271, 236], [12, 244, 242], [13, 364, 232], [14, 319, 253], [15, 291, 260], [16, 266, 262], [17, 380, 254], [18, 342, 271], [19, 317, 276], [20, 293, 277]]]]
["Start with HAND MIDDLE, ", [[[0, 478, 160], [1, 428, 116], [2, 368, 96], [3, 316, 92], [4, 276, 84], [5, 317, 173], [6, 257, 182], [7, 221, 190], [8, 189, 198], [9, 326, 207], [10, 262, 222], [11, 219, 232], [12, 184, 239], [13, 344, 234], [14, 286, 256], [15, 248, 264], [16, 216, 268], [17, 370, 257], [18, 326, 282], [19, 296, 291], [20, 266, 296]]]]
["Start with HAND DOWN, ", [[[0, 482, 206], [1, 432, 170], [2, 387, 158], [3, 352, 164], [4, 327, 170], [5, 373, 224], [6, 332, 240], [7, 307, 251], [8, 287, 261], [9, 382, 250], [10, 338, 272], [11, 309, 285], [12, 286, 294], [13, 395, 272], [14, 355, 297], [15, 329, 307], [16, 307, 312], [17, 412, 295], [18, 381, 318], [19, 358, 329], [20, 335, 334]]]]
["Start with HAND DOWN, ", [[[0, 495, 198], [1, 441, 159], [2, 379, 144], [3, 329, 143], [4, 291, 138], [5, 336, 223], [6, 279, 242], [7, 244, 255], [8, 215, 267], [9, 347, 256], [10, 287, 282], [11, 248, 299], [12, 215, 312], [13, 368, 281], [14, 313, 311], [15, 279, 324], [16, 250, 332], [17, 397, 303], [18, 356, 332], [19, 327, 346], [20, 300, 356]]]]
["Start with HAND UP, ", [[[0, 494, 190], [1, 441, 147], [2, 381, 126], [3, 331, 119], [4, 292, 111], [5, 329, 207], [6, 269, 221], [7, 233, 232], [8, 202, 243], [9, 340, 241], [10, 276, 263], [11, 234, 278], [12, 200, 290], [13, 361, 267], [14, 303, 294], [15, 266, 306], [16, 236, 313], [17, 390, 290], [18, 349, 319], [19, 319, 335], [20, 289, 345]]]]
["Start with HAND MIDDLE, ", [[[0, 495, 195], [1, 443, 152], [2, 383, 132], [3, 332, 127], [4, 294, 119], [5, 332, 211], [6, 275, 226], [7, 240, 237], [8, 209, 247], [9, 342, 244], [10, 280, 264], [11, 239, 277], [12, 205, 287], [13, 362, 271], [14, 305, 296], [15, 268, 307], [16, 237, 312], [17, 391, 294], [18, 349, 322], [19, 319, 336], [20, 289, 344]]]]
["Start with HAND MIDDLE, ", [[[0, 512, 181], [1, 470, 130], [2, 417, 105], [3, 376, 87], [4, 333, 66], [5, 369, 175], [6, 313, 183], [7, 279, 188], [8, 246, 188], [9, 383, 218], [10, 326, 233], [11, 291, 242], [12, 255, 249], [13, 411, 253], [14, 364, 279], [15, 332, 292], [16, 304, 298], [17, 449, 280], [18, 418, 312], [19, 396, 327], [20, 374, 336]]]]
["Start with HAND UP, ", [[[0, 500, 191], [1, 447, 147], [2, 386, 125], [3, 335, 119], [4, 293, 111], [5, 335, 208], [6, 271, 223], [7, 231, 236], [8, 199, 247], [9, 346, 245], [10, 280, 268], [11, 236, 284], [12, 201, 297], [13, 369, 273], [14, 312, 302], [15, 275, 315], [16, 244, 322], [17, 401, 295], [18, 360, 326], [19, 330, 341], [20, 301, 352]]]]
["Start with HAND UP, ", [[[0, 506, 183], [1, 462, 130], [2, 408, 107], [3, 365, 91], [4, 319, 73], [5, 361, 185], [6, 302, 196], [7, 264, 207], [8, 230, 214], [9, 377, 228], [10, 321, 247], [11, 288, 262], [12, 255, 275], [13, 408, 262], [14, 363, 293], [15, 332, 312], [16, 307, 325], [17, 448, 288], [18, 427, 324], [19, 409, 348], [20, 392, 367]]]]
["Start with HAND UP, ", [[[0, 485, 194], [1, 435, 153], [2, 378, 133], [3, 330, 129], [4, 292, 124], [5, 336, 206], [6, 281, 218], [7, 247, 228], [8, 219, 237], [9, 343, 238], [10, 284, 257], [11, 245, 268], [12, 214, 276], [13, 358, 265], [14, 304, 289], [15, 270, 298], [16, 242, 302], [17, 380, 289], [18, 339, 315], [19, 311, 325], [20, 284, 331]]]]
["Start with HAND MIDDLE, ", [[[0, 505, 181], [1, 471, 130], [2, 423, 104], [3, 384, 81], [4, 341, 59], [5, 387, 171], [6, 336, 176], [7, 308, 174], [8, 287, 164], [9, 401, 215], [10, 349, 232], [11, 334, 232], [12, 328, 222], [13, 427, 252], [14, 383, 278], [15, 367, 286], [16, 367, 280], [17, 463, 279], [18, 439, 320], [19, 427, 330], [20, 426, 326]]]]
["Start with HAND DOWN, ", [[[0, 476, 189], [1, 426, 149], [2, 383, 135], [3, 346, 136], [4, 317, 140], [5, 361, 195], [6, 318, 209], [7, 294, 218], [8, 273, 226], [9, 366, 221], [10, 321, 238], [11, 292, 249], [12, 267, 256], [13, 376, 244], [14, 334, 261], [15, 307, 269], [16, 284, 273], [17, 391, 266], [18, 355, 281], [19, 330, 287], [20, 306, 288]]]]
["Start with HAND UP, ", [[[0, 493, 186], [1, 440, 144], [2, 379, 123], [3, 329, 119], [4, 288, 112], [5, 328, 207], [6, 266, 222], [7, 228, 235], [8, 195, 248], [9, 339, 242], [10, 275, 266], [11, 232, 284], [12, 197, 299], [13, 362, 269], [14, 305, 298], [15, 268, 312], [16, 237, 322], [17, 393, 291], [18, 351, 321], [19, 322, 337], [20, 292, 349]]]]
["Start with HAND UP, ", [[[0, 489, 188], [1, 437, 144], [2, 381, 123], [3, 332, 119], [4, 289, 115], [5, 327, 201], [6, 268, 210], [7, 231, 217], [8, 199, 224], [9, 337, 236], [10, 274, 253], [11, 232, 263], [12, 199, 271], [13, 356, 263], [14, 301, 287], [15, 264, 295], [16, 233, 298], [17, 383, 288], [18, 341, 314], [19, 312, 324], [20, 282, 328]]]]
["Start with HAND MIDDLE, ", [[[0, 502, 184], [1, 467, 126], [2, 418, 99], [3, 381, 78], [4, 333, 56], [5, 368, 168], [6, 314, 171], [7, 282, 171], [8, 255, 163], [9, 379, 214], [10, 327, 227], [11, 299, 232], [12, 276, 229], [13, 406, 252], [14, 364, 279], [15, 339, 288], [16, 327, 283], [17, 445, 281], [18, 419, 316], [19, 403, 324], [20, 393, 320]]]]
["Start with HAND MIDDLE, ", [[[0, 468, 192], [1, 419, 153], [2, 377, 140], [3, 342, 144], [4, 318, 150], [5, 360, 207], [6, 319, 224], [7, 294, 236], [8, 273, 246], [9, 369, 235], [10, 324, 257], [11, 295, 270], [12, 271, 279], [13, 381, 258], [14, 340, 281], [15, 314, 291], [16, 292, 296], [17, 399, 280], [18, 366, 302], [19, 343, 312], [20, 320, 316]]]]
["Start with HAND DOWN, ", [[[0, 507, 174], [1, 462, 129], [2, 404, 111], [3, 358, 106], [4, 312, 96], [5, 359, 185], [6, 306, 196], [7, 272, 205], [8, 239, 213], [9, 375, 229], [10, 322, 253], [11, 288, 271], [12, 255, 288], [13, 406, 262], [14, 363, 293], [15, 335, 312], [16, 310, 325], [17, 447, 285], [18, 418, 320], [19, 399, 341], [20, 379, 356]]]]
["Start with HAND UP, ", [[[0, 508, 175], [1, 466, 128], [2, 411, 108], [3, 364, 103], [4, 316, 94], [5, 364, 181], [6, 310, 192], [7, 277, 200], [8, 246, 204], [9, 380, 225], [10, 328, 245], [11, 297, 259], [12, 268, 269], [13, 409, 259], [14, 366, 287], [15, 338, 304], [16, 314, 314], [17, 448, 284], [18, 419, 317], [19, 400, 335], [20, 382, 347]]]]
["Start with HAND UP, ", [[[0, 508, 177], [1, 466, 132], [2, 413, 119], [3, 367, 117], [4, 318, 111], [5, 367, 196], [6, 315, 214], [7, 281, 229], [8, 250, 243], [9, 387, 238], [10, 338, 270], [11, 310, 293], [12, 283, 317], [13, 419, 269], [14, 378, 303], [15, 353, 328], [16, 332, 350], [17, 460, 289], [18, 433, 325], [19, 417, 349], [20, 401, 370]]]]
["Start with HAND MIDDLE, ", [[[0, 508, 175], [1, 465, 133], [2, 408, 118], [3, 361, 114], [4, 314, 107], [5, 365, 194], [6, 317, 209], [7, 285, 222], [8, 263, 229], [9, 383, 239], [10, 331, 275], [11, 315, 287], [12, 312, 289], [13, 415, 273], [14, 372, 309], [15, 359, 319], [16, 360, 319], [17, 457, 293], [18, 432, 335], [19, 421, 351], [20, 419, 357]]]]
["Start with HAND DOWN, ", [[[0, 474, 192], [1, 424, 150], [2, 379, 141], [3, 344, 147], [4, 319, 154], [5, 360, 201], [6, 316, 217], [7, 291, 227], [8, 271, 238], [9, 366, 228], [10, 320, 247], [11, 291, 258], [12, 267, 266], [13, 376, 250], [14, 335, 270], [15, 308, 278], [16, 285, 282], [17, 392, 273], [18, 358, 292], [19, 334, 301], [20, 311, 304]]]]
["Start with HAND MIDDLE, ", [[[0, 497, 171], [1, 452, 130], [2, 393, 117], [3, 344, 120], [4, 296, 116], [5, 344, 187], [6, 292, 201], [7, 257, 211], [8, 225, 218], [9, 359, 228], [10, 307, 249], [11, 271, 265], [12, 238, 278], [13, 388, 258], [14, 341, 286], [15, 311, 300], [16, 284, 308], [17, 428, 280], [18, 396, 311], [19, 373, 327], [20, 349, 337]]]]
["Start with HAND MIDDLE, ", [[[0, 496, 174], [1, 457, 126], [2, 403, 112], [3, 359, 112], [4, 306, 108], [5, 354, 180], [6, 310, 193], [7, 285, 198], [8, 269, 191], [9, 369, 224], [10, 318, 251], [11, 299, 258], [12, 288, 251], [13, 399, 258], [14, 357, 290], [15, 343, 296], [16, 345, 285], [17, 441, 281], [18, 415, 319], [19, 400, 329], [20, 397, 324]]]]
["Start with HAND DOWN, ", [[[0, 491, 179], [1, 448, 137], [2, 391, 129], [3, 344, 138], [4, 294, 139], [5, 349, 201], [6, 306, 219], [7, 278, 235], [8, 256, 246], [9, 367, 243], [10, 321, 275], [11, 293, 298], [12, 269, 316], [13, 399, 272], [14, 359, 305], [15, 335, 326], [16, 318, 339], [17, 440, 293], [18, 416, 327], [19, 398, 346], [20, 383, 359]]]]
["Start with HAND MIDDLE, ", [[[0, 483, 186], [1, 428, 145], [2, 370, 131], [3, 322, 135], [4, 284, 135], [5, 326, 206], [6, 271, 223], [7, 237, 235], [8, 208, 246], [9, 336, 238], [10, 277, 259], [11, 237, 274], [12, 204, 286], [13, 354, 262], [14, 300, 287], [15, 265, 299], [16, 235, 306], [17, 380, 285], [18, 338, 310], [19, 309, 322], [20, 279, 328]]]]
["Start with HAND UP, ", [[[0, 499, 175], [1, 455, 129], [2, 396, 111], [3, 350, 106], [4, 301, 98], [5, 351, 182], [6, 300, 194], [7, 269, 200], [8, 247, 197], [9, 365, 225], [10, 313, 248], [11, 289, 255], [12, 273, 253], [13, 395, 258], [14, 349, 288], [15, 325, 297], [16, 314, 290], [17, 436, 282], [18, 404, 320], [19, 385, 327], [20, 374, 320]]]]
["Start with HAND DOWN, ", [[[0, 497, 179], [1, 450, 136], [2, 391, 123], [3, 345, 125], [4, 296, 123], [5, 345, 200], [6, 297, 219], [7, 270, 231], [8, 254, 235], [9, 364, 242], [10, 314, 273], [11, 288, 293], [12, 273, 302], [13, 396, 271], [14, 355, 306], [15, 335, 322], [16, 326, 324], [17, 438, 291], [18, 415, 329], [19, 399, 345], [20, 386, 350]]]]
["Start with HAND MIDDLE, ", [[[0, 485, 187], [1, 432, 147], [2, 370, 136], [3, 321, 139], [4, 284, 139], [5, 330, 209], [6, 274, 227], [7, 240, 239], [8, 211, 251], [9, 339, 241], [10, 280, 264], [11, 240, 280], [12, 207, 291], [13, 356, 267], [14, 302, 292], [15, 266, 304], [16, 235, 313], [17, 381, 289], [18, 340, 314], [19, 311, 326], [20, 282, 332]]]]
["Start with HAND DOWN, ", [[[0, 497, 178], [1, 447, 139], [2, 384, 131], [3, 336, 138], [4, 289, 139], [5, 341, 197], [6, 289, 213], [7, 255, 224], [8, 224, 232], [9, 356, 236], [10, 303, 261], [11, 267, 275], [12, 233, 286], [13, 385, 265], [14, 338, 293], [15, 306, 305], [16, 276, 311], [17, 423, 287], [18, 390, 317], [19, 366, 331], [20, 340, 339]]]]
["Start with HAND UP, ", [[[0, 490, 183], [1, 434, 143], [2, 373, 131], [3, 323, 138], [4, 279, 140], [5, 324, 208], [6, 265, 225], [7, 228, 238], [8, 196, 251], [9, 336, 242], [10, 275, 267], [11, 232, 284], [12, 198, 298], [13, 359, 269], [14, 304, 298], [15, 268, 311], [16, 238, 320], [17, 390, 291], [18, 349, 322], [19, 320, 335], [20, 290, 342]]]]
["Start with HAND DOWN, ", [[[0, 475, 187], [1, 419, 150], [2, 374, 146], [3, 339, 156], [4, 315, 168], [5, 358, 201], [6, 314, 219], [7, 289, 230], [8, 268, 240], [9, 365, 228], [10, 318, 249], [11, 288, 262], [12, 263, 270], [13, 376, 250], [14, 334, 273], [15, 307, 282], [16, 283, 286], [17, 393, 273], [18, 357, 291], [19, 333, 297], [20, 309, 298]]]]
["Start with HAND DOWN, ", [[[0, 466, 177], [1, 418, 137], [2, 376, 128], [3, 341, 135], [4, 317, 144], [5, 354, 184], [6, 311, 198], [7, 286, 207], [8, 266, 216], [9, 360, 211], [10, 313, 228], [11, 284, 239], [12, 259, 246], [13, 370, 233], [14, 327, 252], [15, 299, 260], [16, 276, 264], [17, 384, 256], [18, 349, 272], [19, 326, 277], [20, 303, 277]]]]
["Start with HAND MIDDLE, ", [[[0, 509, 160], [1, 471, 118], [2, 420, 96], [3, 376, 82], [4, 335, 62], [5, 385, 158], [6, 336, 164], [7, 311, 155], [8, 295, 137], [9, 401, 201], [10, 356, 218], [11, 340, 216], [12, 340, 202], [13, 430, 234], [14, 390, 258], [15, 375, 265], [16, 374, 256], [17, 469, 257], [18, 451, 294], [19, 443, 301], [20, 442, 292]]]]
["Start with HAND UP, ", [[[0, 467, 178], [1, 413, 142], [2, 370, 137], [3, 335, 146], [4, 310, 158], [5, 353, 196], [6, 311, 214], [7, 285, 225], [8, 264, 235], [9, 361, 222], [10, 315, 243], [11, 285, 256], [12, 259, 264], [13, 373, 244], [14, 332, 267], [15, 304, 277], [16, 280, 282], [17, 391, 264], [18, 356, 285], [19, 331, 293], [20, 306, 295]]]]
["Start with HAND MIDDLE, ", [[[0, 491, 164], [1, 452, 114], [2, 398, 95], [3, 353, 91], [4, 302, 83], [5, 349, 162], [6, 297, 167], [7, 269, 169], [8, 246, 162], [9, 362, 207], [10, 311, 223], [11, 285, 229], [12, 263, 225], [13, 390, 241], [14, 350, 266], [15, 324, 275], [16, 306, 270], [17, 429, 267], [18, 404, 303], [19, 385, 315], [20, 371, 313]]]]
["Start with HAND UP, ", [[[0, 470, 176], [1, 412, 137], [2, 368, 132], [3, 333, 141], [4, 307, 149], [5, 349, 193], [6, 303, 211], [7, 276, 221], [8, 254, 230], [9, 356, 220], [10, 307, 241], [11, 274, 252], [12, 248, 259], [13, 367, 242], [14, 322, 264], [15, 293, 272], [16, 268, 276], [17, 383, 264], [18, 346, 284], [19, 321, 291], [20, 296, 294]]]]
["Start with HAND MIDDLE, ", [[[0, 481, 174], [1, 427, 134], [2, 364, 123], [3, 312, 129], [4, 271, 130], [5, 320, 200], [6, 260, 219], [7, 223, 235], [8, 192, 249], [9, 332, 235], [10, 270, 262], [11, 228, 281], [12, 195, 298], [13, 355, 261], [14, 298, 292], [15, 262, 308], [16, 233, 320], [17, 386, 281], [18, 347, 314], [19, 318, 332], [20, 290, 346]]]]
["Start with HAND UP, ", [[[0, 480, 169], [1, 426, 128], [2, 366, 115], [3, 316, 121], [4, 273, 120], [5, 317, 191], [6, 258, 209], [7, 221, 223], [8, 190, 237], [9, 330, 226], [10, 269, 252], [11, 227, 270], [12, 193, 285], [13, 353, 253], [14, 298, 281], [15, 262, 295], [16, 231, 304], [17, 383, 275], [18, 344, 305], [19, 315, 320], [20, 285, 329]]]]
["Start with HAND UP, ", [[[0, 466, 176], [1, 415, 139], [2, 369, 134], [3, 334, 145], [4, 309, 156], [5, 349, 192], [6, 305, 209], [7, 280, 220], [8, 258, 231], [9, 357, 219], [10, 309, 239], [11, 279, 251], [12, 253, 260], [13, 369, 241], [14, 326, 264], [15, 299, 274], [16, 275, 279], [17, 387, 263], [18, 351, 282], [19, 326, 289], [20, 303, 293]]]]
["Start with HAND MIDDLE, ", [[[0, 463, 173], [1, 409, 130], [2, 370, 124], [3, 339, 133], [4, 318, 143], [5, 357, 178], [6, 315, 195], [7, 289, 206], [8, 270, 216], [9, 364, 206], [10, 319, 226], [11, 289, 237], [12, 264, 244], [13, 375, 230], [14, 334, 251], [15, 307, 259], [16, 283, 263], [17, 391, 252], [18, 356, 272], [19, 332, 279], [20, 309, 281]]]]
["Start with HAND UP, ", [[[0, 478, 165], [1, 427, 125], [2, 366, 111], [3, 317, 116], [4, 275, 115], [5, 316, 186], [6, 258, 202], [7, 222, 215], [8, 192, 227], [9, 327, 220], [10, 268, 242], [11, 228, 256], [12, 195, 266], [13, 348, 246], [14, 293, 272], [15, 258, 283], [16, 228, 290], [17, 377, 268], [18, 337, 295], [19, 307, 307], [20, 279, 313]]]]
["Start with HAND UP, ", [[[0, 467, 175], [1, 412, 136], [2, 371, 132], [3, 340, 142], [4, 317, 153], [5, 358, 186], [6, 316, 203], [7, 292, 212], [8, 272, 222], [9, 365, 212], [10, 319, 231], [11, 289, 241], [12, 265, 246], [13, 374, 234], [14, 334, 255], [15, 308, 262], [16, 284, 264], [17, 389, 256], [18, 355, 273], [19, 332, 280], [20, 310, 281]]]]
["Start with HAND MIDDLE, ", [[[0, 475, 171], [1, 418, 132], [2, 358, 129], [3, 313, 141], [4, 277, 144], [5, 319, 195], [6, 262, 212], [7, 228, 223], [8, 199, 233], [9, 329, 227], [10, 269, 250], [11, 230, 263], [12, 200, 272], [13, 348, 252], [14, 294, 279], [15, 259, 289], [16, 232, 294], [17, 374, 273], [18, 334, 300], [19, 305, 310], [20, 278, 314]]]]
["Start with HAND MIDDLE, ", [[[0, 458, 173], [1, 414, 136], [2, 371, 126], [3, 340, 134], [4, 320, 143], [5, 351, 185], [6, 312, 202], [7, 289, 213], [8, 269, 223], [9, 359, 212], [10, 315, 232], [11, 288, 244], [12, 265, 253], [13, 371, 235], [14, 331, 257], [15, 306, 266], [16, 285, 272], [17, 388, 256], [18, 355, 277], [19, 332, 286], [20, 310, 289]]]]
["Start with HAND UP, ", [[[0, 462, 176], [1, 412, 140], [2, 371, 135], [3, 340, 147], [4, 320, 158], [5, 358, 189], [6, 318, 206], [7, 294, 217], [8, 275, 228], [9, 366, 215], [10, 323, 235], [11, 295, 247], [12, 271, 256], [13, 378, 237], [14, 339, 259], [15, 314, 269], [16, 293, 274], [17, 395, 258], [18, 363, 279], [19, 341, 288], [20, 319, 292]]]]
["Start with HAND UP, ", [[[0, 491, 168], [1, 437, 133], [2, 372, 129], [3, 322, 144], [4, 278, 150], [5, 341, 203], [6, 288, 219], [7, 255, 230], [8, 226, 241], [9, 360, 240], [10, 315, 265], [11, 288, 281], [12, 263, 294], [13, 391, 268], [14, 351, 299], [15, 327, 319], [16, 303, 334], [17, 431, 287], [18, 406, 321], [19, 388, 340], [20, 368, 356]]]]
["Start with HAND MIDDLE, ", [[[0, 497, 162], [1, 459, 116], [2, 409, 102], [3, 367, 101], [4, 317, 96], [5, 363, 170], [6, 315, 183], [7, 287, 192], [8, 269, 194], [9, 382, 215], [10, 334, 245], [11, 314, 259], [12, 305, 264], [13, 413, 247], [14, 376, 281], [15, 359, 297], [16, 358, 301], [17, 455, 270], [18, 432, 308], [19, 421, 326], [20, 421, 335]]]]
["Start with HAND DOWN, ", [[[0, 472, 171], [1, 420, 131], [2, 362, 122], [3, 316, 133], [4, 280, 136], [5, 319, 194], [6, 265, 211], [7, 232, 223], [8, 204, 234], [9, 329, 226], [10, 270, 248], [11, 232, 262], [12, 201, 272], [13, 347, 251], [14, 294, 276], [15, 260, 287], [16, 232, 294], [17, 373, 272], [18, 331, 295], [19, 303, 305], [20, 275, 311]]]]
["Start with HAND MIDDLE, ", [[[0, 490, 160], [1, 450, 116], [2, 396, 104], [3, 348, 107], [4, 298, 104], [5, 349, 169], [6, 301, 183], [7, 273, 189], [8, 254, 186], [9, 364, 212], [10, 316, 235], [11, 292, 244], [12, 278, 239], [13, 395, 243], [14, 356, 274], [15, 336, 285], [16, 329, 279], [17, 436, 265], [18, 413, 300], [19, 399, 310], [20, 391, 307]]]]
["Start with HAND DOWN, ", [[[0, 486, 162], [1, 443, 117], [2, 389, 108], [3, 344, 114], [4, 293, 113], [5, 340, 174], [6, 295, 193], [7, 267, 207], [8, 246, 211], [9, 359, 217], [10, 312, 243], [11, 287, 259], [12, 270, 263], [13, 391, 248], [14, 355, 278], [15, 335, 290], [16, 329, 287], [17, 432, 270], [18, 409, 305], [19, 394, 316], [20, 385, 315]]]]
["Start with HAND DOWN, ", [[[0, 476, 174], [1, 418, 137], [2, 357, 136], [3, 312, 150], [4, 277, 155], [5, 322, 204], [6, 268, 223], [7, 236, 237], [8, 208, 249], [9, 333, 235], [10, 275, 259], [11, 236, 274], [12, 205, 286], [13, 351, 259], [14, 299, 286], [15, 264, 299], [16, 236, 307], [17, 378, 279], [18, 337, 305], [19, 308, 316], [20, 280, 324]]]]
["Start with HAND UP, ", [[[0, 505, 156], [1, 474, 115], [2, 429, 99], [3, 393, 92], [4, 351, 81], [5, 374, 165], [6, 324, 183], [7, 301, 187], [8, 302, 179], [9, 389, 210], [10, 340, 239], [11, 327, 246], [12, 340, 238], [13, 419, 243], [14, 379, 277], [15, 364, 292], [16, 372, 288], [17, 461, 265], [18, 438, 306], [19, 430, 319], [20, 436, 319]]]]
["Start with HAND UP, ", [[[0, 465, 176], [1, 414, 138], [2, 373, 133], [3, 342, 144], [4, 319, 156], [5, 360, 187], [6, 319, 204], [7, 294, 215], [8, 273, 224], [9, 368, 213], [10, 323, 233], [11, 293, 244], [12, 268, 251], [13, 378, 236], [14, 338, 258], [15, 311, 266], [16, 288, 270], [17, 394, 259], [18, 360, 277], [19, 336, 284], [20, 313, 285]]]]
["Start with HAND MIDDLE, ", [[[0, 479, 171], [1, 426, 129], [2, 365, 114], [3, 314, 115], [4, 273, 111], [5, 318, 193], [6, 260, 211], [7, 224, 224], [8, 193, 237], [9, 329, 227], [10, 269, 253], [11, 228, 271], [12, 196, 285], [13, 350, 253], [14, 297, 282], [15, 262, 296], [16, 234, 306], [17, 379, 275], [18, 340, 305], [19, 312, 321], [20, 283, 333]]]]
["Start with HAND DOWN, ", [[[0, 500, 156], [1, 465, 112], [2, 414, 94], [3, 372, 83], [4, 326, 68], [5, 358, 160], [6, 308, 173], [7, 281, 177], [8, 271, 171], [9, 371, 206], [10, 318, 233], [11, 300, 241], [12, 300, 234], [13, 402, 240], [14, 358, 269], [15, 341, 280], [16, 342, 272], [17, 446, 262], [18, 421, 299], [19, 406, 313], [20, 401, 312]]]]
["Start with HAND MIDDLE, ", [[[0, 457, 167], [1, 414, 128], [2, 376, 118], [3, 346, 124], [4, 327, 133], [5, 360, 181], [6, 320, 195], [7, 296, 203], [8, 276, 210], [9, 365, 207], [10, 322, 224], [11, 293, 233], [12, 268, 238], [13, 373, 230], [14, 334, 248], [15, 307, 255], [16, 284, 258], [17, 387, 251], [18, 353, 268], [19, 329, 273], [20, 306, 273]]]]
["Start with HAND DOWN, ", [[[0, 464, 171], [1, 407, 133], [2, 361, 126], [3, 326, 134], [4, 303, 139], [5, 342, 193], [6, 299, 214], [7, 274, 227], [8, 254, 240], [9, 352, 221], [10, 306, 247], [11, 278, 263], [12, 255, 275], [13, 365, 244], [14, 323, 271], [15, 297, 283], [16, 275, 290], [17, 384, 265], [18, 352, 292], [19, 329, 306], [20, 307, 313]]]]
["Start with HAND UP, ", [[[0, 502, 155], [1, 466, 110], [2, 415, 83], [3, 372, 66], [4, 330, 49], [5, 374, 152], [6, 321, 157], [7, 293, 154], [8, 279, 148], [9, 387, 197], [10, 337, 217], [11, 321, 223], [12, 327, 221], [13, 416, 230], [14, 377, 257], [15, 363, 270], [16, 366, 273], [17, 455, 252], [18, 439, 287], [19, 434, 308], [20, 438, 321]]]]
["Start with HAND UP, ", [[[0, 508, 169], [1, 474, 128], [2, 420, 100], [3, 375, 82], [4, 334, 70], [5, 405, 171], [6, 358, 180], [7, 346, 185], [8, 349, 187], [9, 426, 217], [10, 385, 229], [11, 387, 236], [12, 404, 239], [13, 452, 252], [14, 427, 284], [15, 445, 302], [16, 468, 309], [17, 484, 273], [18, 485, 311], [19, 513, 335], [20, 539, 348]]]]
["Start with HAND DOWN, ", [[[0, 498, 176], [1, 456, 136], [2, 405, 133], [3, 363, 139], [4, 314, 142], [5, 370, 211], [6, 326, 242], [7, 309, 264], [8, 306, 278], [9, 396, 251], [10, 362, 296], [11, 358, 318], [12, 368, 329], [13, 429, 278], [14, 406, 323], [15, 407, 345], [16, 423, 350], [17, 467, 294], [18, 459, 336], [19, 465, 360], [20, 481, 374]]]]
["Start with HAND DOWN, ", [[[0, 479, 184], [1, 414, 146], [2, 356, 141], [3, 313, 151], [4, 279, 157], [5, 326, 217], [6, 271, 239], [7, 239, 255], [8, 211, 271], [9, 339, 248], [10, 283, 279], [11, 245, 300], [12, 217, 317], [13, 360, 273], [14, 309, 306], [15, 277, 322], [16, 251, 333], [17, 387, 294], [18, 352, 328], [19, 327, 345], [20, 301, 357]]]]
["Start with HAND DOWN, ", [[[0, 461, 174], [1, 418, 133], [2, 384, 118], [3, 354, 120], [4, 332, 128], [5, 370, 172], [6, 330, 185], [7, 305, 192], [8, 285, 199], [9, 375, 200], [10, 331, 215], [11, 303, 222], [12, 278, 225], [13, 382, 224], [14, 342, 240], [15, 315, 246], [16, 294, 246], [17, 394, 248], [18, 359, 264], [19, 335, 269], [20, 313, 270]]]]
["Start with HAND MIDDLE, ", [[[0, 460, 174], [1, 413, 134], [2, 376, 124], [3, 346, 130], [4, 330, 141], [5, 363, 184], [6, 324, 200], [7, 300, 209], [8, 281, 218], [9, 371, 211], [10, 329, 230], [11, 301, 240], [12, 277, 245], [13, 381, 234], [14, 344, 255], [15, 318, 263], [16, 296, 266], [17, 398, 256], [18, 364, 276], [19, 341, 284], [20, 319, 287]]]]
["Start with HAND DOWN, ", [[[0, 477, 175], [1, 424, 133], [2, 364, 123], [3, 316, 129], [4, 278, 129], [5, 319, 192], [6, 262, 206], [7, 227, 217], [8, 197, 227], [9, 327, 226], [10, 267, 246], [11, 227, 260], [12, 194, 270], [13, 345, 252], [14, 291, 277], [15, 256, 288], [16, 227, 295], [17, 371, 275], [18, 330, 301], [19, 301, 313], [20, 272, 320]]]]
["Start with HAND DOWN, ", [[[0, 479, 173], [1, 424, 132], [2, 365, 121], [3, 318, 128], [4, 283, 128], [5, 319, 195], [6, 261, 208], [7, 226, 219], [8, 196, 229], [9, 329, 228], [10, 267, 249], [11, 227, 262], [12, 194, 273], [13, 347, 254], [14, 292, 280], [15, 256, 291], [16, 227, 298], [17, 373, 276], [18, 333, 305], [19, 304, 317], [20, 276, 324]]]]
["Start with HAND MIDDLE, ", [[[0, 479, 178], [1, 420, 137], [2, 361, 132], [3, 316, 143], [4, 283, 146], [5, 321, 201], [6, 264, 218], [7, 229, 230], [8, 201, 242], [9, 331, 234], [10, 270, 257], [11, 230, 271], [12, 199, 283], [13, 349, 260], [14, 295, 288], [15, 260, 299], [16, 231, 306], [17, 375, 282], [18, 336, 311], [19, 307, 324], [20, 280, 332]]]]
["Start with HAND UP, ", [[[0, 478, 179], [1, 416, 141], [2, 357, 138], [3, 311, 152], [4, 273, 158], [5, 321, 214], [6, 265, 235], [7, 230, 251], [8, 201, 267], [9, 335, 246], [10, 277, 276], [11, 238, 295], [12, 208, 311], [13, 358, 271], [14, 307, 303], [15, 273, 319], [16, 246, 330], [17, 388, 291], [18, 350, 324], [19, 323, 340], [20, 296, 350]]]]
["Start with HAND MIDDLE, ", [[[0, 478, 178], [1, 418, 143], [2, 355, 143], [3, 308, 158], [4, 272, 164], [5, 319, 215], [6, 263, 238], [7, 230, 254], [8, 202, 268], [9, 332, 247], [10, 274, 277], [11, 236, 296], [12, 206, 311], [13, 354, 271], [14, 304, 304], [15, 270, 320], [16, 243, 330], [17, 384, 290], [18, 347, 322], [19, 320, 337], [20, 293, 347]]]]
["Start with HAND MIDDLE, ", [[[0, 478, 181], [1, 412, 145], [2, 353, 147], [3, 308, 162], [4, 272, 169], [5, 321, 219], [6, 266, 244], [7, 231, 261], [8, 202, 277], [9, 336, 251], [10, 277, 283], [11, 236, 302], [12, 206, 317], [13, 358, 275], [14, 306, 310], [15, 272, 326], [16, 244, 335], [17, 386, 295], [18, 348, 328], [19, 321, 343], [20, 294, 352]]]]
["Start with HAND DOWN, ", [[[0, 461, 176], [1, 413, 139], [2, 370, 132], [3, 338, 144], [4, 316, 154], [5, 351, 189], [6, 310, 207], [7, 285, 219], [8, 265, 229], [9, 359, 216], [10, 314, 238], [11, 286, 250], [12, 261, 259], [13, 370, 239], [14, 329, 260], [15, 302, 270], [16, 279, 276], [17, 386, 260], [18, 352, 281], [19, 327, 290], [20, 304, 294]]]]
["Start with HAND MIDDLE, ", [[[0, 478, 171], [1, 421, 134], [2, 361, 131], [3, 314, 145], [4, 272, 149], [5, 316, 199], [6, 260, 223], [7, 224, 239], [8, 193, 254], [9, 330, 233], [10, 271, 262], [11, 230, 281], [12, 196, 295], [13, 353, 259], [14, 301, 290], [15, 265, 305], [16, 234, 314], [17, 384, 280], [18, 345, 312], [19, 316, 327], [20, 285, 335]]]]
["Start with HAND DOWN, ", [[[0, 489, 168], [1, 447, 121], [2, 390, 111], [3, 344, 115], [4, 293, 114], [5, 348, 174], [6, 301, 192], [7, 271, 204], [8, 248, 207], [9, 367, 217], [10, 323, 240], [11, 309, 244], [12, 303, 237], [13, 398, 250], [14, 361, 281], [15, 343, 290], [16, 344, 282], [17, 438, 273], [18, 417, 311], [19, 404, 319], [20, 402, 310]]]]
["Start with HAND UP, ", [[[0, 493, 164], [1, 457, 114], [2, 408, 99], [3, 367, 95], [4, 313, 87], [5, 355, 163], [6, 308, 175], [7, 279, 181], [8, 263, 178], [9, 372, 210], [10, 322, 236], [11, 312, 241], [12, 315, 232], [13, 405, 245], [14, 367, 274], [15, 355, 282], [16, 362, 273], [17, 449, 268], [18, 428, 304], [19, 417, 314], [20, 418, 311]]]]
["Start with HAND DOWN, ", [[[0, 475, 174], [1, 419, 131], [2, 359, 127], [3, 316, 136], [4, 279, 138], [5, 315, 194], [6, 259, 213], [7, 223, 226], [8, 193, 238], [9, 326, 227], [10, 266, 252], [11, 225, 268], [12, 192, 280], [13, 346, 252], [14, 292, 280], [15, 255, 293], [16, 225, 302], [17, 373, 274], [18, 332, 301], [19, 302, 315], [20, 273, 323]]]]
["Start with HAND MIDDLE, ", [[[0, 487, 167], [1, 446, 117], [2, 397, 103], [3, 356, 105], [4, 302, 104], [5, 349, 171], [6, 304, 186], [7, 273, 197], [8, 249, 201], [9, 368, 216], [10, 320, 244], [11, 299, 259], [12, 288, 263], [13, 400, 250], [14, 363, 281], [15, 348, 292], [16, 351, 289], [17, 441, 274], [18, 420, 311], [19, 407, 326], [20, 405, 330]]]]
["Start with HAND MIDDLE, ", [[[0, 489, 167], [1, 450, 117], [2, 401, 105], [3, 359, 105], [4, 305, 101], [5, 355, 171], [6, 309, 185], [7, 281, 194], [8, 264, 192], [9, 375, 215], [10, 330, 242], [11, 314, 252], [12, 312, 249], [13, 406, 249], [14, 372, 278], [15, 356, 290], [16, 361, 286], [17, 448, 273], [18, 428, 308], [19, 415, 323], [20, 417, 326]]]]
["Start with HAND DOWN, ", [[[0, 464, 170], [1, 411, 130], [2, 369, 125], [3, 336, 136], [4, 313, 149], [5, 350, 175], [6, 308, 192], [7, 282, 201], [8, 261, 210], [9, 356, 203], [10, 310, 222], [11, 281, 232], [12, 256, 239], [13, 365, 226], [14, 322, 245], [15, 295, 252], [16, 272, 255], [17, 380, 248], [18, 343, 264], [19, 318, 270], [20, 295, 271]]]]
["Start with HAND MIDDLE, ", [[[0, 474, 174], [1, 411, 137], [2, 352, 137], [3, 310, 150], [4, 278, 155], [5, 317, 206], [6, 263, 229], [7, 229, 245], [8, 201, 259], [9, 331, 237], [10, 272, 266], [11, 233, 284], [12, 202, 297], [13, 351, 261], [14, 298, 293], [15, 264, 308], [16, 236, 317], [17, 379, 281], [18, 340, 312], [19, 312, 326], [20, 284, 335]]]]
["Start with HAND MIDDLE, ", [[[0, 487, 167], [1, 445, 122], [2, 392, 112], [3, 348, 117], [4, 297, 118], [5, 345, 180], [6, 300, 196], [7, 269, 211], [8, 249, 216], [9, 364, 224], [10, 317, 257], [11, 297, 273], [12, 289, 278], [13, 396, 256], [14, 361, 289], [15, 346, 299], [16, 348, 293], [17, 438, 278], [18, 415, 319], [19, 402, 335], [20, 398, 338]]]]
["Start with HAND DOWN, ", [[[0, 484, 172], [1, 442, 121], [2, 391, 113], [3, 348, 120], [4, 295, 120], [5, 344, 180], [6, 301, 197], [7, 272, 210], [8, 252, 212], [9, 365, 224], [10, 320, 254], [11, 299, 271], [12, 288, 276], [13, 396, 255], [14, 366, 288], [15, 348, 303], [16, 349, 301], [17, 437, 278], [18, 419, 315], [19, 407, 332], [20, 404, 339]]]]
["Start with HAND DOWN, ", [[[0, 462, 176], [1, 408, 140], [2, 369, 136], [3, 340, 147], [4, 319, 158], [5, 357, 191], [6, 317, 209], [7, 293, 220], [8, 274, 231], [9, 365, 216], [10, 322, 237], [11, 293, 249], [12, 268, 256], [13, 376, 238], [14, 337, 260], [15, 310, 270], [16, 286, 274], [17, 393, 259], [18, 359, 279], [19, 336, 288], [20, 313, 291]]]]
["Start with HAND MIDDLE, ", [[[0, 477, 176], [1, 416, 141], [2, 355, 142], [3, 308, 158], [4, 270, 167], [5, 319, 219], [6, 263, 244], [7, 228, 263], [8, 199, 280], [9, 335, 252], [10, 277, 285], [11, 238, 308], [12, 207, 327], [13, 359, 276], [14, 308, 311], [15, 275, 331], [16, 247, 345], [17, 392, 294], [18, 357, 329], [19, 331, 347], [20, 304, 359]]]]
["Start with HAND DOWN, ", [[[0, 484, 177], [1, 443, 126], [2, 397, 118], [3, 360, 121], [4, 307, 121], [5, 350, 187], [6, 308, 207], [7, 283, 219], [8, 274, 220], [9, 372, 232], [10, 330, 268], [11, 313, 285], [12, 313, 289], [13, 405, 264], [14, 375, 297], [15, 361, 313], [16, 367, 314], [17, 446, 286], [18, 432, 321], [19, 425, 339], [20, 429, 348]]]]
["Start with HAND MIDDLE, ", [[[0, 479, 177], [1, 416, 141], [2, 355, 143], [3, 310, 158], [4, 273, 165], [5, 321, 216], [6, 265, 241], [7, 232, 258], [8, 204, 273], [9, 335, 248], [10, 276, 279], [11, 236, 298], [12, 205, 314], [13, 357, 271], [14, 304, 304], [15, 268, 320], [16, 239, 330], [17, 386, 291], [18, 347, 322], [19, 318, 337], [20, 290, 348]]]]
["Start with HAND DOWN, ", [[[0, 483, 178], [1, 435, 129], [2, 382, 124], [3, 342, 134], [4, 289, 139], [5, 339, 197], [6, 294, 219], [7, 265, 235], [8, 241, 243], [9, 363, 238], [10, 317, 274], [11, 295, 295], [12, 277, 309], [13, 397, 268], [14, 362, 304], [15, 337, 324], [16, 322, 335], [17, 438, 289], [18, 417, 327], [19, 401, 347], [20, 388, 360]]]]
["Start with HAND DOWN, ", [[[0, 468, 172], [1, 412, 138], [2, 366, 137], [3, 333, 150], [4, 312, 160], [5, 348, 193], [6, 306, 211], [7, 281, 222], [8, 260, 232], [9, 357, 219], [10, 311, 241], [11, 281, 253], [12, 256, 261], [13, 369, 241], [14, 327, 264], [15, 300, 273], [16, 276, 278], [17, 387, 262], [18, 351, 281], [19, 327, 290], [20, 303, 293]]]]
["Start with HAND UP, ", [[[0, 475, 177], [1, 412, 141], [2, 352, 145], [3, 307, 163], [4, 270, 171], [5, 320, 218], [6, 264, 241], [7, 230, 258], [8, 201, 273], [9, 335, 250], [10, 278, 283], [11, 240, 305], [12, 209, 322], [13, 358, 275], [14, 308, 308], [15, 274, 326], [16, 247, 338], [17, 389, 294], [18, 353, 327], [19, 325, 343], [20, 298, 354]]]]
["Start with HAND MIDDLE, ", [[[0, 478, 178], [1, 411, 143], [2, 352, 147], [3, 309, 164], [4, 271, 173], [5, 321, 219], [6, 266, 244], [7, 232, 260], [8, 203, 276], [9, 338, 251], [10, 281, 285], [11, 242, 306], [12, 213, 324], [13, 361, 276], [14, 311, 310], [15, 276, 328], [16, 247, 340], [17, 390, 294], [18, 354, 328], [19, 327, 345], [20, 300, 356]]]]
["Start with HAND UP, ", [[[0, 493, 164], [1, 454, 114], [2, 402, 98], [3, 359, 98], [4, 305, 90], [5, 360, 161], [6, 311, 171], [7, 284, 174], [8, 267, 165], [9, 376, 207], [10, 329, 227], [11, 312, 231], [12, 306, 221], [13, 405, 241], [14, 368, 269], [15, 350, 277], [16, 350, 268], [17, 445, 266], [18, 423, 302], [19, 409, 309], [20, 407, 302]]]]
["Start with HAND UP, ", [[[0, 488, 160], [1, 451, 110], [2, 397, 92], [3, 352, 90], [4, 301, 82], [5, 346, 155], [6, 298, 164], [7, 268, 166], [8, 246, 159], [9, 361, 199], [10, 312, 219], [11, 293, 222], [12, 281, 213], [13, 390, 233], [14, 350, 261], [15, 333, 267], [16, 328, 256], [17, 432, 258], [18, 407, 292], [19, 392, 296], [20, 385, 287]]]]
["Start with HAND UP, ", [[[0, 496, 146], [1, 456, 104], [2, 401, 85], [3, 352, 82], [4, 305, 70], [5, 358, 146], [6, 310, 153], [7, 285, 149], [8, 271, 136], [9, 370, 188], [10, 325, 206], [11, 311, 203], [12, 313, 186], [13, 397, 221], [14, 358, 248], [15, 343, 251], [16, 344, 237], [17, 436, 244], [18, 415, 280], [19, 405, 285], [20, 404, 273]]]]
["Start with HAND MIDDLE, ", [[[0, 460, 167], [1, 405, 132], [2, 366, 130], [3, 337, 142], [4, 318, 152], [5, 354, 186], [6, 314, 205], [7, 291, 217], [8, 272, 228], [9, 363, 213], [10, 320, 235], [11, 292, 248], [12, 268, 257], [13, 374, 235], [14, 335, 258], [15, 310, 268], [16, 287, 274], [17, 391, 256], [18, 358, 277], [19, 336, 286], [20, 314, 290]]]]
["Start with HAND UP, ", [[[0, 491, 150], [1, 448, 106], [2, 392, 89], [3, 344, 88], [4, 294, 80], [5, 346, 148], [6, 293, 155], [7, 259, 156], [8, 229, 151], [9, 359, 189], [10, 311, 203], [11, 282, 202], [12, 261, 190], [13, 387, 222], [14, 343, 246], [15, 313, 248], [16, 292, 236], [17, 427, 247], [18, 395, 278], [19, 374, 286], [20, 357, 279]]]]
["Start with HAND MIDDLE, ", [[[0, 470, 165], [1, 411, 130], [2, 353, 132], [3, 312, 145], [4, 279, 149], [5, 320, 198], [6, 268, 221], [7, 237, 234], [8, 212, 246], [9, 330, 227], [10, 272, 252], [11, 234, 267], [12, 203, 278], [13, 349, 250], [14, 295, 277], [15, 260, 289], [16, 231, 296], [17, 375, 270], [18, 333, 297], [19, 304, 308], [20, 276, 315]]]]
["Start with HAND MIDDLE, ", [[[0, 493, 161], [1, 456, 118], [2, 408, 109], [3, 368, 110], [4, 318, 108], [5, 371, 179], [6, 326, 200], [7, 311, 211], [8, 314, 210], [9, 394, 221], [10, 354, 257], [11, 353, 270], [12, 367, 268], [13, 425, 250], [14, 399, 288], [15, 395, 306], [16, 407, 304], [17, 464, 268], [18, 453, 309], [19, 451, 329], [20, 460, 337]]]]
["Start with HAND UP, ", [[[0, 482, 172], [1, 428, 134], [2, 366, 124], [3, 315, 132], [4, 274, 135], [5, 325, 203], [6, 267, 225], [7, 231, 243], [8, 202, 260], [9, 339, 238], [10, 281, 268], [11, 242, 291], [12, 211, 310], [13, 363, 264], [14, 311, 296], [15, 277, 314], [16, 249, 327], [17, 395, 285], [18, 359, 317], [19, 334, 335], [20, 307, 348]]]]
["Start with HAND DOWN, ", [[[0, 484, 170], [1, 445, 119], [2, 393, 107], [3, 352, 111], [4, 299, 109], [5, 347, 170], [6, 301, 184], [7, 276, 191], [8, 264, 182], [9, 365, 214], [10, 316, 239], [11, 304, 243], [12, 305, 230], [13, 395, 248], [14, 358, 279], [15, 345, 285], [16, 351, 272], [17, 436, 273], [18, 415, 310], [19, 404, 314], [20, 406, 302]]]]
["Start with HAND UP, ", [[[0, 472, 164], [1, 421, 124], [2, 362, 112], [3, 314, 118], [4, 276, 118], [5, 314, 185], [6, 258, 196], [7, 224, 205], [8, 195, 213], [9, 323, 218], [10, 264, 238], [11, 225, 250], [12, 193, 259], [13, 342, 245], [14, 288, 269], [15, 253, 280], [16, 222, 287], [17, 369, 266], [18, 328, 291], [19, 300, 302], [20, 272, 308]]]]
["Start with HAND MIDDLE, ", [[[0, 474, 169], [1, 418, 132], [2, 358, 129], [3, 312, 141], [4, 276, 144], [5, 322, 194], [6, 269, 211], [7, 236, 221], [8, 209, 230], [9, 332, 225], [10, 274, 247], [11, 236, 260], [12, 206, 270], [13, 349, 249], [14, 296, 275], [15, 261, 287], [16, 232, 294], [17, 374, 271], [18, 333, 295], [19, 304, 307], [20, 276, 314]]]]
["Start with HAND MIDDLE, ", [[[0, 472, 171], [1, 415, 134], [2, 355, 132], [3, 310, 145], [4, 277, 150], [5, 321, 197], [6, 268, 215], [7, 237, 225], [8, 210, 234], [9, 331, 228], [10, 273, 251], [11, 236, 264], [12, 206, 274], [13, 349, 253], [14, 296, 279], [15, 262, 291], [16, 233, 298], [17, 375, 274], [18, 334, 299], [19, 306, 311], [20, 278, 318]]]]
["Start with HAND UP, ", [[[0, 476, 168], [1, 419, 128], [2, 359, 122], [3, 311, 134], [4, 273, 137], [5, 318, 198], [6, 262, 216], [7, 227, 230], [8, 198, 244], [9, 331, 231], [10, 273, 257], [11, 235, 275], [12, 203, 289], [13, 353, 255], [14, 301, 285], [15, 267, 301], [16, 238, 312], [17, 382, 275], [18, 344, 305], [19, 317, 319], [20, 289, 329]]]]
["Start with HAND UP, ", [[[0, 475, 169], [1, 417, 132], [2, 356, 128], [3, 309, 141], [4, 270, 146], [5, 316, 205], [6, 261, 223], [7, 227, 238], [8, 198, 253], [9, 330, 238], [10, 273, 265], [11, 235, 283], [12, 205, 299], [13, 352, 262], [14, 301, 293], [15, 267, 309], [16, 239, 320], [17, 382, 282], [18, 346, 314], [19, 319, 328], [20, 293, 338]]]]
